let gameMap = [
	0, 0, 0, 0, 0, 0, 0, 0, 0, 0, 0, 	0, 0, 0, 0, 0, 0, 0, 0, 0,  0,  	0, 0, 0, 0, 0, 0, 0, 0, 0,	//40
	0, 2, 2, 2, 2, 2, 2, 2, 2, 2, 2, 	1, 3, 1, 2, 1, 2, 1, 3, 1,  4, 		2, 2, 2, 2, 2, 2, 2, 2, 0,  //80
	0, 3, 3, 3, 3, 3, 3, 3, 3, 2, 4, 	2, 3, 3, 3, 2, 3, 3, 3, 2,  4, 		0, 0, 5, 5, 5, 5, 5, 0, 0,  //120
	0, 2, 2, 2, 2, 2, 2, 2, 2, 2, 4, 	1, 3, 1, 2, 1, 2, 1, 3, 1,  4, 		5, 5, 5, 5, 5, 5, 5, 5, 0,  //160
	0, 2, 3, 3, 3, 3, 3, 3, 2, 3, 4, 	3, 3, 3, 3, 3, 3, 3, 3, 3,  4, 		5, 0, 5, 5, 5, 5, 5, 5, 0,  //200
	0, 2, 3, 2, 2, 2, 3, 3, 2, 2, 4, 	2, 2, 2, 3, 3, 3, 2, 2, 2,  4, 		5, 0, 0, 0, 0, 0, 0, 5, 0,  //240
	0, 2, 3, 2, 3, 2, 2, 2, 3, 2, 4, 	2, 3, 2, 3, 3, 3, 2, 3, 2,  4, 		5, 0, 5, 5, 5, 5, 5, 0, 0,	//280
	0, 2, 3, 2, 3, 3, 2, 3, 2, 2, 4, 	2, 3, 2, 3, 3, 3, 2, 3, 2,  4, 		5, 5, 5, 0, 0, 5, 5, 5, 0,	//320
	0, 2, 3, 2, 3, 2, 2, 3, 2, 3, 4, 	2, 3, 2, 2, 1, 2, 2, 3, 2,  4, 		5, 5, 0, 5, 5, 5, 5, 5, 0,	//360
	0, 2, 2, 2, 3, 2, 3, 3, 2, 2, 4, 	2, 3, 3, 3, 3, 3, 3, 3, 2,  4, 		5, 5, 0, 5, 5, 0, 5, 5, 0,	//400

	0, 4, 4, 4, 4, 1, 4, 4, 4, 4, 4, 	2, 2, 2, 2, 1,  2, 2, 2, 2, 4, 		0, 0, 0, 2, 2, 0, 0, 0, 0,	//440
	0, 2, 2, 2, 2, 2, 2, 2, 2, 2, 4, 	4, 4, 4, 4, 4,  4, 4, 4, 4, 4, 		4, 4, 4, 2, 2, 4, 4, 4, 0,	//480

	0, 8, 7, 7, 8, 8, 8, 9, 9, 9, 4, 	1, 2, 2, 2, 1,  2, 2, 2, 1, 4,  	4, 4, 4, 2, 2, 4, 4, 4, 0,	//520	

	0, 8, 8, 6, 6, 8, 8, 9, 6, 9, 4, 	4, 4, 4, 4, 4, 	4, 4, 4, 4, 4,  	4, 4, 4, 2, 2, 4, 4, 4, 0,	//560
	0, 8, 7, 8, 6, 8, 2, 2, 7, 9, 4, 	1, 2, 2, 1, 4, 	1, 2, 2, 1, 4,  	4, 4, 4, 2, 2, 4, 4, 4, 0,	//600
	0, 8, 2, 8, 7, 7, 7, 9, 2, 9, 4, 	2, 2, 2, 2, 4, 	2, 2, 2, 2, 4,  	4, 4, 4, 2, 2, 4, 4, 4, 0,	//640
	0, 2, 2, 7, 7, 8, 2, 8, 7, 9, 4, 	1, 2, 2, 1, 4, 	1, 2, 2, 1, 4,  	4, 4, 4, 2, 2, 4, 4, 4, 0,	//680

	0, 2, 6, 6, 7, 7, 2, 8, 6, 9, 4, 	4, 4, 4, 4, 4, 	4, 4, 4, 4, 4,  	4, 4, 4, 2, 2, 4, 4, 4, 0,	//720
	0, 8, 2, 2, 9, 8, 2, 7, 7, 9, 4, 	1, 2, 2, 1, 4, 	1, 2, 2, 1, 4,  	4, 4, 4, 2, 2, 4, 4, 4, 0,	//760	
	0, 8, 2, 2, 2, 2, 7, 8, 7, 9, 4, 	2, 2, 2, 2, 4, 	2, 2, 2, 2, 4, 	 	4, 4, 4, 2, 2, 4, 4, 4, 0,	//800
	0, 8, 7, 7, 9, 2, 8, 6, 2, 9, 4, 	1, 2, 2, 1, 4, 	1, 2, 2, 1, 4,  	4, 4, 4, 2, 2, 4, 4, 4, 0,	//840

	0, 8, 9, 8, 6, 6, 6, 2, 8, 2, 4, 	4, 4, 4, 4, 4, 	4, 4, 4, 4, 4,  	4, 4, 4, 2, 2, 4, 4, 4, 0,	//880
	0, 8, 2, 7, 8, 2, 2, 9, 7, 2, 4, 	1, 2, 2, 1, 4,	1, 2, 2, 1, 4,  	4, 4, 4, 2, 2, 4, 4, 4, 0,	//920
	0, 8, 9, 8, 6, 2, 9, 2, 9, 9, 4, 	2, 2, 2, 2, 4, 	2, 2, 2, 2, 4,  	4, 4, 4, 2, 2, 4, 4, 4, 0,	//960
	0, 8, 9, 8, 2, 7, 2, 7, 8, 9, 4, 	1, 2, 2, 1, 4, 	1, 2, 2, 1, 4,  	4, 4, 4, 2, 2, 4, 4, 4, 0,	//1000

	0, 8, 9, 7, 7, 9, 2, 2, 8, 9, 4,	4, 4, 4, 4, 4, 	4, 4, 4, 4, 4, 	 	4, 4, 4, 2, 2, 4, 4, 4, 0,	//1040
	0, 8, 9, 2, 6, 2, 6, 8, 8, 9, 4, 	1, 2, 2, 1, 4, 	1, 2, 2, 1, 4, 		4, 4, 4, 2, 2, 4, 4, 4, 0,	//1080
	0, 8, 9, 6, 6, 6, 2, 8, 2, 9, 4, 	2, 2, 2, 2, 4, 	2, 2, 2, 2, 4,	 	4, 4, 4, 2, 2, 4, 4, 4, 0,	//1120
	0, 7, 7, 7, 7, 9, 2, 6, 7, 7, 7, 	2, 2, 2, 1, 4, 	1, 2, 2, 1, 4, 		4, 4, 4, 2, 2, 2, 2, 1, 0,	//1160
	0, 0, 0, 0, 0, 0, 0, 0, 0, 0, 0, 	0, 0, 0, 0, 0, 	0, 0, 0, 0, 0,	 	0, 0, 0, 0, 0, 0, 0, 0, 0	//1200
]; //30   40*30  1200 tiles
